
 6517.500000         0          0          0          0          0          0          0          0          0          0          0          0          0          0     0.0000E+00      0          0      0.0000E+00
 6552.500000         0          0          0          0          0          0          0          0          0          0          0          0          0          0     0.2855E-08      0          0      0.2855E-08
 6587.500000         0          0          0          0          0          0          0          0          0          0          0          0          0          0     0.5204E-08      0          0      0.5204E-08
 6622.500000         0          0          0          0          0          0          0          0          0          0          0          0          0          0     0.5520E-08      0          0      0.5520E-08
 6657.500000         0          0          0          0          0          0          0          0          0          0          0          0          0          0     0.7858E-07      0          0      0.7858E-07
 6692.500000         0          0          0          0          0          0          0          0          0          0          0          0          0          0     0.2765E-05      0          0      0.2765E-05
 6727.500000         0          0          0          0          0          0          0          0          0          0          0          0          0          0     0.2678E-06      0          0      0.2678E-06
 6762.500000         0          0          0          0          0          0          0          0          0          0          0          0          0          0     0.1894E-05      0          0      0.1894E-05
 6797.500000         0          0          0          0          0          0          0          0          0          0          0          0          0          0     0.7851E-05      0          0      0.7851E-05
 6832.500000         0          0          0          0          0          0          0          0          0          0          0          0          0          0     0.3116E-05      0          0      0.3116E-05
 6867.500000         0          0          0          0          0          0          0          0          0          0          0          0          0          0     0.1017E-04      0          0      0.1017E-04
 6902.500000         0          0          0          0          0          0          0          0          0          0          0          0          0          0     0.1369E-06      0          0      0.1369E-06
 6937.500000         0          0          0          0          0          0          0          0          0          0          0          0          0          0     0.1503E-05      0          0      0.1503E-05
 6972.500000         0          0          0          0          0          0          0          0          0          0          0          0          0          0     0.3104E-05      0          0      0.3104E-05
 7007.500000         0          0          0          0          0          0          0          0          0          0          0          0          0          0     0.4266E-06      0          0      0.4266E-06
 7042.500000         0          0          0          0          0          0          0          0          0          0          0          0          0          0     0.4534E-05      0          0      0.4534E-05
 7077.500000         0          0          0          0          0          0          0          0          0          0          0          0          0          0     0.4229E-05      0          0      0.4229E-05
 7112.500000         0          0          0          0          0          0          0          0          0          0          0          0          0          0     0.5976E-04      0          0      0.5976E-04
 7147.500000         0          0          0          0          0          0          0          0          0          0          0          0          0          0     0.5481E-04      0          0      0.5481E-04
 7182.500000         0          0          0          0          0          0          0          0          0          0          0          0          0          0     0.1790E-03      0          0      0.1790E-03
 7217.500000         0          0          0          0          0          0          0          0          0          0          0          0          0          0     0.5557E-03      0          0      0.5557E-03
 7252.500000         0          0          0          0          0          0          0          0          0          0          0          0          0          0     0.1494E-02      0          0      0.1494E-02
 7287.500000         0          0          0          0          0          0          0          0          0          0          0          0          0          0     0.1282E-02      0          0      0.1282E-02
 7322.500000         0          0          0          0          0          0          0          0          0          0          0          0          0          0     0.7401E-03      0          0      0.7401E-03
 7357.500000         0          0          0          0          0          0          0          0          0          0          0          0          0          0     0.2445E-03      0          0      0.2445E-03
 7392.500000         0          0          0          0          0          0          0          0          0          0          0          0          0          0     0.3382E-03      0          0      0.3382E-03
 7427.500000         0          0          0          0          0          0          0          0          0          0          0          0          0          0     0.1111E-03      0          0      0.1111E-03
 7462.500000         0          0          0          0          0          0          0          0          0          0          0          0          0          0     0.1055E-03      0          0      0.1055E-03
 7497.500000         0          0          0          0          0          0          0          0          0          0          0          0          0          0     0.6857E-04      0          0      0.6857E-04
 7532.500000         0          0          0          0          0          0          0          0          0          0          0          0          0          0     0.5124E-04      0          0      0.5124E-04
 7567.500000         0          0          0          0          0          0          0          0          0          0          0          0          0          0     0.5082E-04      0          0      0.5082E-04
 7602.500000         0          0          0          0          0          0          0          0          0          0          0          0          0          0     0.4551E-04      0          0      0.4551E-04
 7637.500000         0          0          0          0          0          0          0          0          0          0          0          0          0          0     0.2595E-04      0          0      0.2595E-04
 7672.500000         0          0          0          0          0          0          0          0          0          0          0          0          0          0     0.4170E-04      0          0      0.4170E-04
 7707.500000         0          0          0          0          0          0          0          0          0          0          0          0          0          0     0.4748E-04      0          0      0.4748E-04
 7742.500000         0          0          0          0          0          0          0          0          0          0          0          0          0          0     0.2225E-04      0          0      0.2225E-04
 7777.500000         0          0          0          0          0          0          0          0          0          0          0          0          0          0     0.2487E-04      0          0      0.2487E-04
 7812.500000         0          0          0          0          0          0          0          0          0          0          0          0          0          0     0.4775E-04      0          0      0.4775E-04
 7847.500000         0          0          0          0          0          0          0          0          0          0          0          0          0          0     0.4316E-04      0          0      0.4316E-04
 7882.500000         0          0          0          0          0          0          0          0          0          0          0          0          0          0     0.2603E-04      0          0      0.2603E-04
 7917.500000         0          0          0          0          0          0          0          0          0          0          0          0          0          0     0.1634E-04      0          0      0.1634E-04
 7952.500000         0          0          0          0          0          0          0          0          0          0          0          0          0          0     0.2397E-04      0          0      0.2397E-04
 7987.500000         0          0          0          0          0          0          0          0          0          0          0          0          0          0     0.1743E-04      0          0      0.1743E-04
 8022.500000         0          0          0          0          0          0          0          0          0          0          0          0          0          0     0.1930E-04      0          0      0.1930E-04
 8057.500000         0          0          0          0          0          0          0          0          0          0          0          0          0          0     0.1757E-04      0          0      0.1757E-04
 8092.500000         0          0          0          0          0          0          0          0          0          0          0          0          0          0     0.6202E-05      0          0      0.6202E-05
 8127.500000         0          0          0          0          0          0          0          0          0          0          0          0          0          0     0.1301E-04      0          0      0.1301E-04
 8162.500000         0          0          0          0          0          0          0          0          0          0          0          0          0          0     0.1562E-04      0          0      0.1562E-04
 8197.500000         0          0          0          0          0          0          0          0          0          0          0          0          0          0     0.2226E-04      0          0      0.2226E-04
 8232.500000         0          0          0          0          0          0          0          0          0          0          0          0          0          0     0.8749E-05      0          0      0.8749E-05
 8267.500000         0          0          0          0          0          0          0          0          0          0          0          0          0          0     0.7695E-05      0          0      0.7695E-05
 8302.500000         0          0          0          0          0          0          0          0          0          0          0          0          0          0     0.2880E-05      0          0      0.2880E-05
 8337.500000         0          0          0          0          0          0          0          0          0          0          0          0          0          0     0.1392E-05      0          0      0.1392E-05
 8372.500000         0          0          0          0          0          0          0          0          0          0          0          0          0          0     0.5527E-05      0          0      0.5527E-05
 8407.500000         0          0          0          0          0          0          0          0          0          0          0          0          0          0     0.1138E-04      0          0      0.1138E-04
 8442.500000         0          0          0          0          0          0          0          0          0          0          0          0          0          0     0.7919E-05      0          0      0.7919E-05
 8477.500000         0          0          0          0          0          0          0          0          0          0          0          0          0          0     0.2675E-05      0          0      0.2675E-05
 8512.500000         0          0          0          0          0          0          0          0          0          0          0          0          0          0     0.1078E-04      0          0      0.1078E-04
 8547.500000         0          0          0          0          0          0          0          0          0          0          0          0          0          0     0.3089E-05      0          0      0.3089E-05
 8582.500000         0          0          0          0          0          0          0          0          0          0          0          0          0          0     0.4449E-05      0          0      0.4449E-05
 8617.500000         0          0          0          0          0          0          0          0          0          0          0          0          0          0     0.2990E-05      0          0      0.2990E-05
 8652.500000         0          0          0          0          0          0          0          0          0          0          0          0          0          0     0.3393E-05      0          0      0.3393E-05
 8687.500000         0          0          0          0          0          0          0          0          0          0          0          0          0          0     0.1911E-05      0          0      0.1911E-05
 8722.500000         0          0          0          0          0          0          0          0          0          0          0          0          0          0     0.1404E-04      0          0      0.1404E-04
 8757.500000         0          0          0          0          0          0          0          0          0          0          0          0          0          0     0.5883E-05      0          0      0.5883E-05
 8792.500000         0          0          0          0          0          0          0          0          0          0          0          0          0          0     0.1721E-05      0          0      0.1721E-05
 8827.500000         0          0          0          0          0          0          0          0          0          0          0          0          0          0     0.3011E-05      0          0      0.3011E-05
 8862.500000         0          0          0          0          0          0          0          0          0          0          0          0          0          0     0.5265E-05      0          0      0.5265E-05
 8897.500000         0          0          0          0          0          0          0          0          0          0          0          0          0          0     0.3649E-05      0          0      0.3649E-05
 8932.500000         0          0          0          0          0          0          0          0          0          0          0          0          0          0     0.2929E-05      0          0      0.2929E-05
 8967.500000         0          0          0          0          0          0          0          0          0          0          0          0          0          0     0.8740E-05      0          0      0.8740E-05
 9002.500000         0          0          0          0          0          0          0          0          0          0          0          0          0          0     0.1268E-05      0          0      0.1268E-05
 9037.500000         0          0          0          0          0          0          0          0          0          0          0          0          0          0     0.1380E-04      0          0      0.1380E-04
 9072.500000         0          0          0          0          0          0          0          0          0          0          0          0          0          0     0.3649E-05      0          0      0.3649E-05
 9107.500000         0          0          0          0          0          0          0          0          0          0          0          0          0          0     0.6907E-05      0          0      0.6907E-05
 9142.500000         0          0          0          0          0          0          0          0          0          0          0          0          0          0     0.7887E-05      0          0      0.7887E-05
 9177.500000         0          0          0          0          0          0          0          0          0          0          0          0          0          0     0.3030E-05      0          0      0.3030E-05
 9212.500000         0          0          0          0          0          0          0          0          0          0          0          0          0          0     0.4168E-05      0          0      0.4168E-05
 9247.500000         0          0          0          0          0          0          0          0          0          0          0          0          0          0     0.3929E-05      0          0      0.3929E-05
 9282.500000         0          0          0          0          0          0          0          0          0          0          0          0          0          0     0.9212E-06      0          0      0.9212E-06
 9317.500000         0          0          0          0          0          0          0          0          0          0          0          0          0          0     0.3016E-05      0          0      0.3016E-05
 9352.500000         0          0          0          0          0          0          0          0          0          0          0          0          0          0     0.1874E-05      0          0      0.1874E-05
 9387.500000         0          0          0          0          0          0          0          0          0          0          0          0          0          0     0.4694E-05      0          0      0.4694E-05
 9422.500000         0          0          0          0          0          0          0          0          0          0          0          0          0          0     0.2523E-05      0          0      0.2523E-05
 9457.500000         0          0          0          0          0          0          0          0          0          0          0          0          0          0     0.3157E-05      0          0      0.3157E-05
 9492.500000         0          0          0          0          0          0          0          0          0          0          0          0          0          0     0.1141E-05      0          0      0.1141E-05
 9527.500000         0          0          0          0          0          0          0          0          0          0          0          0          0          0     0.4691E-05      0          0      0.4691E-05
 9562.500000         0          0          0          0          0          0          0          0          0          0          0          0          0          0     0.1087E-05      0          0      0.1087E-05
 9597.500000         0          0          0          0          0          0          0          0          0          0          0          0          0          0     0.1715E-04      0          0      0.1715E-04
 9632.500000         0          0          0          0          0          0          0          0          0          0          0          0          0          0     0.1547E-05      0          0      0.1547E-05
 9667.500000         0          0          0          0          0          0          0          0          0          0          0          0          0          0     0.3723E-05      0          0      0.3723E-05
 9702.500000         0          0          0          0          0          0          0          0          0          0          0          0          0          0     0.2692E-05      0          0      0.2692E-05
 9737.500000         0          0          0          0          0          0          0          0          0          0          0          0          0          0     0.1178E-05      0          0      0.1178E-05
 9772.500000         0          0          0          0          0          0          0          0          0          0          0          0          0          0     0.1149E-05      0          0      0.1149E-05
 9807.500000         0          0          0          0          0          0          0          0          0          0          0          0          0          0     0.4236E-06      0          0      0.4236E-06
 9842.500000         0          0          0          0          0          0          0          0          0          0          0          0          0          0     0.1371E-04      0          0      0.1371E-04
 9877.500000         0          0          0          0          0          0          0          0          0          0          0          0          0          0     0.1589E-05      0          0      0.1589E-05
 9912.500000         0          0          0          0          0          0          0          0          0          0          0          0          0          0     0.5073E-05      0          0      0.5073E-05
 9947.500000         0          0          0          0          0          0          0          0          0          0          0          0          0          0     0.1807E-05      0          0      0.1807E-05
 9982.500000         0          0          0          0          0          0          0          0          0          0          0          0          0          0     0.3824E-05      0          0      0.3824E-05
